# Created by Octave 4.2.2, Fri Feb 16 09:43:20 2024 JST <itai@itai-remote>
# name: POOL_STRUC
# type: matrix
# rows: 0
# columns: 0


