# Created by Octave 4.2.2, Wed Feb 14 11:08:39 2024 JST <itai@itai-remote>
# name: POOL_STRUC
# type: matrix
# rows: 0
# columns: 0


