# Created by Octave 4.2.2, Fri Feb 16 11:42:01 2024 JST <itai@itai-remote>
# name: ORG_STRUC
# type: scalar struct
# ndims: 2
 1 1
# length: 138
# name: tournament
# type: matrix
# rows: 0
# columns: 0


# name: dimension
# type: scalar
3


# name: varcomp
# type: scalar
0


# name: molecule
# type: scalar
0


# name: PhaseDiagram
# type: scalar
0


# name: maxErrors
# type: scalar
2


# name: numProcessors
# type: scalar
8


# name: numParallelCalcs
# type: scalar
1


# name: pluginType
# type: scalar
0


# name: currentGenDone
# type: scalar
0


# name: startNextGen
# type: scalar
1


# name: stopCrit
# type: scalar
30


# name: reoptOld
# type: scalar
0


# name: bestFrac
# type: scalar
0.6


# name: repeatForStatistics
# type: scalar
1


# name: fracGene
# type: scalar
0.5


# name: fracRand
# type: scalar
0.2


# name: fracPerm
# type: scalar
0.1


# name: fracLatMut
# type: scalar
0


# name: fracRotMut
# type: scalar
0


# name: fracAtomsMut
# type: scalar
0.2


# name: AutoFrac
# type: scalar
1


# name: stopFitness
# type: matrix
# rows: 0
# columns: 0


# name: howManyAtomMutations
# type: matrix
# rows: 0
# columns: 0


# name: howManyRand
# type: matrix
# rows: 0
# columns: 0


# name: topologyRandom
# type: scalar
0


# name: coordinatingNumbers
# type: sq_string
# elements: 1
# length: 4
NONE


# name: howManyOffsprings
# type: matrix
# rows: 0
# columns: 0


# name: maxDistHeredity
# type: scalar
0.5


# name: minSlice
# type: scalar
2


# name: maxSlice
# type: scalar
8


# name: percSliceShift
# type: scalar
1


# name: softMutOnly
# type: matrix
# rows: 61
# columns: 1
 0
 0
 0
 0
 0
 0
 0
 0
 0
 0
 0
 0
 0
 0
 0
 0
 0
 0
 0
 0
 0
 0
 0
 0
 0
 0
 0
 0
 0
 0
 0
 0
 0
 0
 0
 0
 0
 0
 0
 0
 0
 0
 0
 0
 0
 0
 0
 0
 0
 0
 0
 0
 0
 0
 0
 0
 0
 0
 0
 0
 0


# name: softMutTill
# type: scalar
60


# name: chargeNeutrality
# type: scalar
0


# name: checkConnectivity
# type: scalar
0


# name: howManyMut
# type: scalar
3.28


# name: valences
# type: matrix
# rows: 1
# columns: 3
 2 3 2


# name: NvalElectrons
# type: matrix
# rows: 1
# columns: 3
 2 3 6


# name: goodBonds
# type: matrix
# rows: 3
# columns: 3
 0.1 0.1414213562373095 0.1732050807568877
 0.1414213562373095 0.2 0.2449489742783178
 0.1732050807568877 0.2449489742783178 0.3


# name: mutationRate
# type: scalar
0.5


# name: howManyPermutations
# type: matrix
# rows: 0
# columns: 0


# name: howManySwaps
# type: scalar
2


# name: specificSwaps
# type: scalar
0


# name: fracSecSwitch
# type: matrix
# rows: 0
# columns: 0


# name: howManySecSwitch
# type: matrix
# rows: 0
# columns: 0


# name: fracShiftBorder
# type: matrix
# rows: 0
# columns: 0


# name: howManyShiftBorder
# type: matrix
# rows: 0
# columns: 0


# name: abinitioCode
# type: scalar
8


# name: Kresol
# type: scalar
0.2


# name: commandExecutable
# type: cell
# rows: 1
# columns: 1
# name: <cell-element>
# type: sq_string
# elements: 1
# length: 21
pw.x < qe.in > output





# name: remoteFolder
# type: sq_string
# elements: 1
# length: 0



# name: platform
# type: scalar
0


# name: ExternalPressure
# type: scalar
100


# name: latVolume
# type: scalar
217.56


# name: lattice
# type: matrix
# rows: 0
# columns: 0


# name: constLattice
# type: scalar
0


# name: splitInto
# type: scalar
0


# name: homePath
# type: sq_string
# elements: 1
# length: 41
/home/itai/USPEX-9.4.4/data/tutorial/EX02


# name: USPEXPath
# type: sq_string
# elements: 1
# length: 26
/home/itai/USPEX-9.4.4/src


# name: specificFolder
# type: sq_string
# elements: 1
# length: 8
Specific


# name: log_file
# type: sq_string
# elements: 1
# length: 10
OUTPUT.txt


# name: atomType
# type: matrix
# rows: 1
# columns: 3
 12 13 8


# name: numIons
# type: matrix
# rows: 1
# columns: 3
 4 8 16


# name: averageFitness
# type: scalar
1000000


# name: correlation_coefficient
# type: scalar
1


# name: antiSeedsMax
# type: scalar
0


# name: antiSeedsSigma
# type: scalar
0.001


# name: ordering
# type: scalar
1


# name: antiSeedsActivation
# type: scalar
5000


# name: optType
# type: scalar
1


# name: opt_sign
# type: scalar
1


# name: cor_dir
# type: scalar
1


# name: RmaxFing
# type: scalar
10


# name: deltaFing
# type: scalar
0.08


# name: sigmaFing
# type: scalar
0.03


# name: doFing
# type: scalar
1


# name: toleranceFing
# type: scalar
0.008


# name: toleranceBestHM
# type: scalar
0.02


# name: dynamicalBestHM
# type: scalar
2


# name: keepBestHM
# type: scalar
6


# name: alpha
# type: scalar
-1


