# Created by Octave 4.2.2, Fri Feb 16 09:43:19 2024 JST <itai@itai-remote>
# name: ANTISEEDS
# type: scalar struct
# ndims: 2
 1 1
# length: 3
# name: FINGERPRINT
# type: matrix
# rows: 0
# columns: 0


# name: Sigma
# type: matrix
# rows: 0
# columns: 0


# name: Max
# type: matrix
# rows: 0
# columns: 0




