# Created by Octave 4.2.2, Fri Feb 16 09:43:44 2024 JST <itai@itai-remote>
# name: POP_STRUC
# type: scalar struct
# ndims: 2
 1 1
# length: 12
# name: POPULATION
# type: struct
# ndims: 2
 1 5
# length: 32
# name: COORDINATES
# type: cell
# rows: 1
# columns: 5
# name: <cell-element>
# type: matrix
# rows: 8
# columns: 3
 0.5752820969 0.4999999999999999 0.5
 0.8252820969 0 0
 0.1747179031 0 0
 0.9247179031000001 0.4999999999999999 0.5
 0.875 0.7500000000000001 0.25
 0.3750000000000001 0.2499999999999999 0.7500000000000001
 0.375 0.25 0.25
 0.3750000000000001 0.7500000000000001 0.7500000000000001



# name: <cell-element>
# type: matrix
# rows: 8
# columns: 3
 0.9198345095000001 0.4198345095000001 0.3326470852
 0.4198345095 0.9198345095 0.6673529148
 0.08016549050000001 0.5801654905 0.6673529148
 0.5801654905 0.08016549050000001 0.3326470852
 0.42020832 0.57979168 0.3363186121
 0.57979168 0.4202083200000001 0.6636813879
 0.92020832 0.07979168 0.6636813879
 0.07979168 0.92020832 0.3363186121



# name: <cell-element>
# type: matrix
# rows: 8
# columns: 3
 0 0 0
 0 0 0.5
 0.6666666667 0.3333333333 0.25
 0.6666666667 0.3333333333 0.75
 0.3333333333 0.6666666667 0
 0.3333333333 0.6666666667 0.5
 0 0 0.25
 0 0 0.75



# name: <cell-element>
# type: matrix
# rows: 8
# columns: 3
 0.4226470143 0.05486774439999999 0.6322207301999999
 0.0773529857 0.2095737159 0.1322207302
 0.9226470143000001 0.7904262841 0.8677792698000001
 0.5773529857 0.9451322556 0.3677792698
 0.9457221031 0.2689582407 0.3232361376
 0.5542778969000002 0.3775140345 0.8232361376
 0.4457221031 0.6224859655 0.1767638624
 0.05427789690000002 0.7310417593 0.6767638624



# name: <cell-element>
# type: matrix
# rows: 8
# columns: 3
 0 0.5 0.2765953839
 0.5 0 0.2234046161
 0 0.5 0.7765953839
 0.5 0 0.7234046161
 0 0 0
 0.5 0.5 0.5
 0 0 0.5
 0.5 0.5 0





# name: INIT_COORD
# type: cell
# rows: 1
# columns: 5
# name: <cell-element>
# type: matrix
# rows: 8
# columns: 3
 0.5752820969 0.4999999999999999 0.5
 0.8252820969 0 0
 0.1747179031 0 0
 0.9247179031000001 0.4999999999999999 0.5
 0.875 0.7500000000000001 0.25
 0.3750000000000001 0.2499999999999999 0.7500000000000001
 0.375 0.25 0.25
 0.3750000000000001 0.7500000000000001 0.7500000000000001



# name: <cell-element>
# type: matrix
# rows: 8
# columns: 3
 0.9198345095000001 0.4198345095000001 0.3326470852
 0.4198345095 0.9198345095 0.6673529148
 0.08016549050000001 0.5801654905 0.6673529148
 0.5801654905 0.08016549050000001 0.3326470852
 0.42020832 0.57979168 0.3363186121
 0.57979168 0.4202083200000001 0.6636813879
 0.92020832 0.07979168 0.6636813879
 0.07979168 0.92020832 0.3363186121



# name: <cell-element>
# type: matrix
# rows: 8
# columns: 3
 0 0 0
 0 0 0.5
 0.6666666667 0.3333333333 0.25
 0.6666666667 0.3333333333 0.75
 0.3333333333 0.6666666667 0
 0.3333333333 0.6666666667 0.5
 0 0 0.25
 0 0 0.75



# name: <cell-element>
# type: matrix
# rows: 8
# columns: 3
 0.4226470143 0.05486774439999999 0.6322207301999999
 0.0773529857 0.2095737159 0.1322207302
 0.9226470143000001 0.7904262841 0.8677792698000001
 0.5773529857 0.9451322556 0.3677792698
 0.9457221031 0.2689582407 0.3232361376
 0.5542778969000002 0.3775140345 0.8232361376
 0.4457221031 0.6224859655 0.1767638624
 0.05427789690000002 0.7310417593 0.6767638624



# name: <cell-element>
# type: matrix
# rows: 8
# columns: 3
 0 0.5 0.2765953839
 0.5 0 0.2234046161
 0 0.5 0.7765953839
 0.5 0 0.7234046161
 0 0 0
 0.5 0.5 0.5
 0 0 0.5
 0.5 0.5 0





# name: LATTICE
# type: cell
# rows: 1
# columns: 5
# name: <cell-element>
# type: matrix
# rows: 3
# columns: 3
 6.089872346301469 0 0
 3.044936173150734 6.164690547582275 0
 -3.044936173136575 -1.332267629550188e-15 6.164690547589268



# name: <cell-element>
# type: matrix
# rows: 3
# columns: 3
 5.3695430276 0 0
 -1.208560933508924 5.231765743536671 0
 5.044268484123448e-16 6.342356313889263e-16 8.237915597600001



# name: <cell-element>
# type: matrix
# rows: 3
# columns: 3
 5.4135256652 0 0
 -2.706762832599999 4.688250750102252 0
 5.584050364074598e-16 9.671858942600688e-16 9.1194463056



# name: <cell-element>
# type: matrix
# rows: 3
# columns: 3
 6.7285799376 0 0
 -2.838450081236192 6.100572851216801 0
 -1.410381109115999 -3.391236290310192 5.637741527154746



# name: <cell-element>
# type: matrix
# rows: 3
# columns: 3
 5.054745585 0 0
 3.095139000587233e-16 5.054745585 0
 5.547123720422045e-16 5.547123720422045e-16 9.05914052





# name: INIT_LAT
# type: cell
# rows: 1
# columns: 5
# name: <cell-element>
# type: matrix
# rows: 3
# columns: 3
 6.089872346301469 0 0
 3.044936173150734 6.164690547582275 0
 -3.044936173136575 -1.332267629550188e-15 6.164690547589268



# name: <cell-element>
# type: matrix
# rows: 3
# columns: 3
 5.3695430276 0 0
 -1.208560933508924 5.231765743536671 0
 5.044268484123448e-16 6.342356313889263e-16 8.237915597600001



# name: <cell-element>
# type: matrix
# rows: 3
# columns: 3
 5.4135256652 0 0
 -2.706762832599999 4.688250750102252 0
 5.584050364074598e-16 9.671858942600688e-16 9.1194463056



# name: <cell-element>
# type: matrix
# rows: 3
# columns: 3
 6.7285799376 0 0
 -2.838450081236192 6.100572851216801 0
 -1.410381109115999 -3.391236290310192 5.637741527154746



# name: <cell-element>
# type: matrix
# rows: 3
# columns: 3
 5.054745585 0 0
 3.095139000587233e-16 5.054745585 0
 5.547123720422045e-16 5.547123720422045e-16 9.05914052





# name: numIons
# type: cell
# rows: 1
# columns: 5
# name: <cell-element>
# type: matrix
# rows: 1
# columns: 2
 4 4



# name: <cell-element>
# type: matrix
# rows: 1
# columns: 2
 4 4



# name: <cell-element>
# type: matrix
# rows: 1
# columns: 2
 4 4



# name: <cell-element>
# type: matrix
# rows: 1
# columns: 2
 4 4



# name: <cell-element>
# type: matrix
# rows: 1
# columns: 2
 4 4





# name: INIT_numIons
# type: cell
# rows: 1
# columns: 5
# name: <cell-element>
# type: matrix
# rows: 1
# columns: 2
 4 4



# name: <cell-element>
# type: matrix
# rows: 1
# columns: 2
 4 4



# name: <cell-element>
# type: matrix
# rows: 1
# columns: 2
 4 4



# name: <cell-element>
# type: matrix
# rows: 1
# columns: 2
 4 4



# name: <cell-element>
# type: matrix
# rows: 1
# columns: 2
 4 4





# name: struc_entr
# type: cell
# rows: 1
# columns: 5
# name: <cell-element>
# type: sq_string
# elements: 0



# name: <cell-element>
# type: matrix
# rows: 0
# columns: 0



# name: <cell-element>
# type: matrix
# rows: 0
# columns: 0



# name: <cell-element>
# type: matrix
# rows: 0
# columns: 0



# name: <cell-element>
# type: matrix
# rows: 0
# columns: 0





# name: order
# type: cell
# rows: 1
# columns: 5
# name: <cell-element>
# type: sq_string
# elements: 0



# name: <cell-element>
# type: matrix
# rows: 0
# columns: 0



# name: <cell-element>
# type: matrix
# rows: 0
# columns: 0



# name: <cell-element>
# type: matrix
# rows: 0
# columns: 0



# name: <cell-element>
# type: matrix
# rows: 0
# columns: 0





# name: dielectric_tensor
# type: cell
# rows: 1
# columns: 5
# name: <cell-element>
# type: range
# base, length, increment
100000 6 0



# name: <cell-element>
# type: range
# base, length, increment
100000 6 0



# name: <cell-element>
# type: range
# base, length, increment
100000 6 0



# name: <cell-element>
# type: range
# base, length, increment
100000 6 0



# name: <cell-element>
# type: range
# base, length, increment
100000 6 0





# name: gap
# type: cell
# rows: 1
# columns: 5
# name: <cell-element>
# type: scalar
100000



# name: <cell-element>
# type: scalar
100000



# name: <cell-element>
# type: scalar
100000



# name: <cell-element>
# type: scalar
100000



# name: <cell-element>
# type: scalar
100000





# name: hardness
# type: cell
# rows: 1
# columns: 5
# name: <cell-element>
# type: sq_string
# elements: 0



# name: <cell-element>
# type: matrix
# rows: 0
# columns: 0



# name: <cell-element>
# type: matrix
# rows: 0
# columns: 0



# name: <cell-element>
# type: matrix
# rows: 0
# columns: 0



